1 5 10 2
Loc0
Loc1
Loc2
Loc3
Loc4
1 0510 1007 0904 0606 0404 
1 0505 1007 0505 0610 0504 
1 0510 0707 0404 0606 0405 
1 0606 0707 0409 0606 0407 
1 0607 0707 0510 0606 0505 
1 1005 0707 0404 0606 0504 
1 1007 0707 0505 0106 0110 
1 0510 0707 0509 0606 0506 
1 1005 0707 0409 0606 0510 
1 0510 0707 0504 0606 0906 
1 0707 0907 0510 0606 1005 
1 0507 0707 0505 0606 1006 
1 0505 0707 0405 0606 0705 
1 1005 0707 0505 0606 0704 
1 0610 0707 0409 0606 1005 
1 0505 0707 0405 0610 0905 
1 0505 0507 0504 0606 0505 
1 0706 0707 0404 1006 0505 
1 1007 1007 0505 0606 0610 
1 0505 0707 0404 0606 0405 
1 0506 0707 0905 0606 0607 
1 0707 1007 0909 0606 0505 
1 1007 0907 0504 1006 1005 
1 1005 0907 0405 0606 0501 
1 0710 1007 0409 0606 0510 
1 0607 0707 0405 0606 0505 
1 0605 0707 0405 0605 0410 
1 1010 0707 0504 0601 0905 
1 0505 0707 0909 0606 0510 
1 0707 0710 0509 0106 0105 
1 0705 0907 0505 0606 0405 
1 0507 0707 0504 0606 0505 
1 0505 0705 0505 0101 0505 
1 0505 0707 0409 0606 0505 
1 0707 1007 0404 0106 0406 
1 0505 0707 0504 0606 0105 
1 0506 0707 0405 1006 0504 
1 0505 0707 0909 0606 0504 
1 0610 0907 0509 0110 0410 
1 0605 0707 0904 0606 1005 
1 0506 0507 0505 0506 0404 
1 0505 0707 0909 1006 1006 
1 0507 0709 0505 0606 0505 
1 0610 0707 0905 0606 0510 
1 0507 0710 0405 0606 0905 
1 0505 0707 0509 0610 0505 
1 0505 0707 0510 0606 0105 
1 0605 0707 0505 0606 0905 
1 0705 0707 0405 0606 0509 
1 0507 0707 0404 0606 1005 
1 1007 0710 0909 0606 0404 
1 0507 0507 0504 0106 0506 
1 0505 0707 0405 0606 0505 
1 0505 0709 0510 0601 0505 
1 0507 0707 0409 0606 0507 
1 0607 0707 0405 0606 0405 
1 0507 0507 0409 0606 1005 
1 0505 0707 0404 0606 0401 
1 0606 0706 0405 1006 0905 
1 0606 0707 0409 0606 0607 
1 1005 0707 0509 0606 0710 
1 0507 0705 0904 0605 0504 
1 0507 0707 0405 0106 0506 
1 0705 0907 0409 0106 0405 
1 0707 0707 0409 0606 0506 
1 1010 0707 0409 0606 0505 
1 0507 0707 0409 0606 0507 
1 0505 0707 0904 0606 0505 
1 0510 0705 0504 0605 0404 
1 0507 0707 0909 0606 1006 
1 0705 0707 0405 1006 0504 
1 0707 0909 0405 0106 0405 
1 0510 0707 0505 0606 0510 
1 1007 0507 0504 0606 0504 
1 0505 0707 0410 0606 0905 
1 0510 0707 0509 0606 0505 
1 0507 0507 0904 0606 1004 
1 0510 0707 0404 0606 1010 
1 1005 0707 0504 0606 0504 
1 0705 0907 0505 0606 0505 
1 0506 0707 0404 0606 0505 
1 1007 0707 0505 0606 0610 
1 0505 0707 0504 0606 0504 
1 0505 0707 0409 0606 0505 
1 0507 0707 0504 0606 0509 
1 0505 0707 0509 0606 0510 
1 0507 0707 0405 0606 0505 
1 0505 0707 0404 0606 0505 
1 0507 0707 0405 0606 1005 
1 0507 0707 0404 0106 0505 
1 1010 0707 0505 0606 0601 
1 0605 0507 0909 0606 1004 
1 0507 0707 0604 0606 0405 
1 1007 0707 0904 0606 0605 
1 0506 0707 0905 0606 0504 
1 0507 0507 0909 0606 0507 
1 1006 1007 0505 0106 0404 
1 0506 1007 0504 0605 0904 
1 0505 0707 0910 1001 0505 
1 0505 0707 0404 0606 0407 
