1 5 10 2
Loc0
Loc1
Loc2
Loc3
Loc4
1 0504 0505 0506 0507 0505 
1 0404 0505 0505 0607 0505 
1 0705 0505 1007 0505 0505 
1 0505 0505 0505 0505 0707 
1 0404 0505 0506 0605 0710 
1 0505 0505 0506 0507 0505 
1 0404 0505 0507 0505 0505 
1 0505 0505 0505 0505 0505 
1 0505 0505 0706 0505 0507 
1 0504 0505 1005 0505 0505 
1 0704 0505 1007 0505 0505 
1 0405 0505 0607 0505 1005 
1 0507 0505 0507 0505 0505 
1 0404 0507 0710 0505 0505 
1 0504 0505 0605 0505 0505 
1 0404 0505 0707 0505 0505 
1 0404 0505 0507 0505 0505 
1 0505 0505 0506 0605 0505 
1 0404 0605 0607 0505 0506 
1 0404 0505 0505 0505 0505 
1 0405 0505 0705 0605 0710 
1 0504 0706 0607 0506 0505 
1 0405 0505 0507 0505 1005 
1 0405 0505 0505 0505 0505 
1 0505 0505 0507 0505 0505 
1 0504 0505 0507 0505 0605 
1 0504 0505 0505 0505 0705 
1 0704 0505 0606 0505 1007 
1 0504 0505 0507 0505 0506 
1 0404 0505 0510 0506 0505 
1 0704 0505 0705 0505 0505 
1 0504 0505 0510 0505 0705 
1 0505 0505 0607 0505 0505 
1 0505 0506 0505 0605 0705 
1 0504 0505 1005 0505 0505 
1 0505 0505 0705 0505 0505 
1 0505 0505 0707 0505 0505 
1 0404 0505 0505 0505 0507 
1 0504 0505 0710 0505 1005 
1 0404 0505 1007 0505 0507 
1 0407 0505 0507 0505 0510 
1 0404 0505 0605 0606 0505 
1 0505 0605 0607 0505 0705 
1 0505 0505 1007 0505 0505 
1 0504 0505 0506 0705 0506 
1 0404 0505 0507 0505 0505 
1 0505 0505 0707 0505 0705 
1 0504 0507 0506 0505 0510 
1 0404 0505 1005 0505 0505 
1 0404 0505 0606 0505 0505 
1 0505 0505 0606 0605 0506 
1 0404 0505 0610 0505 0706 
1 0504 0505 0505 0605 0505 
1 0405 0505 0506 0505 0505 
1 0505 0505 0506 0605 0505 
1 0405 0505 0606 0507 0505 
1 0505 0505 0505 0505 0505 
1 0404 0505 0610 0505 0710 
1 0505 0505 0707 0505 0505 
1 0504 0505 0710 0507 0505 
1 0505 0505 0707 0505 0505 
1 0505 0505 1010 0505 0505 
1 0504 0505 0706 0505 0505 
1 0504 0505 0505 0506 0705 
1 0705 0505 0707 0505 0705 
1 0504 0505 0710 0505 0510 
1 0404 0505 0507 0505 0705 
1 0405 0505 0707 0505 0505 
1 0505 0505 0506 0606 0505 
1 0404 0505 0507 0505 0605 
1 0505 0505 0710 0505 0505 
1 0504 0606 0707 0505 0505 
1 0404 0507 0706 0505 0710 
1 0504 0605 0507 0505 0505 
1 0705 0505 0607 0505 0510 
1 0504 0505 0507 0505 0505 
1 0504 0505 0606 0605 0505 
1 0405 0505 0506 0505 0505 
1 0504 0707 0507 0506 0505 
1 0405 0605 0606 0505 0505 
1 0407 0505 0705 0505 0505 
1 0505 0505 0705 0505 0605 
1 0504 0505 0707 0605 0705 
1 0405 0507 0505 0605 0507 
1 0405 0505 1005 0505 0505 
1 0404 0505 0507 0605 0505 
1 0505 0505 0506 0605 0510 
1 0504 0505 0706 0605 0705 
1 0505 0505 0607 0507 1005 
1 0505 0505 0607 0505 0505 
1 0505 0505 0607 0505 0505 
1 0507 0505 1007 0605 0505 
1 0504 0505 0706 0505 0507 
1 0504 0505 0610 0505 0505 
1 0504 0505 0505 0505 0506 
1 0504 0505 0507 0505 0505 
1 0405 0505 0505 0505 0505 
1 0404 0505 0505 0505 0510 
1 0404 0505 0707 0505 0510 
1 0504 0505 0507 0505 0505 
