1 5 9 1
Loc0
Loc1
Loc2
Loc3
Loc4
1 57 53 53 77 75 
1 75 56 55 55 45 
1 75 35 55 57 57 
1 55 55 69 55 75 
1 77 65 95 57 75 
1 57 55 53 55 57 
1 55 65 56 77 55 
1 77 56 53 56 77 
1 57 35 59 54 57 
1 57 65 96 55 74 
1 57 55 95 54 77 
1 57 36 55 75 55 
1 67 55 55 55 77 
1 57 55 55 55 45 
1 55 35 39 77 75 
1 75 63 66 75 47 
1 75 65 59 65 77 
1 75 66 35 55 47 
1 55 56 53 56 77 
1 57 36 69 57 74 
1 55 36 63 55 57 
1 55 56 33 77 47 
1 55 55 56 57 55 
1 57 53 53 75 77 
1 77 55 56 57 57 
1 76 53 66 55 77 
1 57 56 55 55 74 
1 55 55 55 55 55 
1 75 66 96 55 54 
1 57 55 55 55 47 
1 77 65 59 55 77 
1 57 55 53 57 77 
1 55 35 93 55 77 
1 57 55 53 57 47 
1 57 55 59 55 57 
1 57 55 55 65 45 
1 57 53 36 55 45 
1 57 56 35 57 77 
1 77 53 93 55 77 
1 75 65 55 55 55 
1 65 35 55 55 77 
1 57 55 56 57 54 
1 77 35 55 55 75 
1 55 65 55 75 55 
1 77 35 95 55 54 
1 77 36 36 75 57 
1 77 55 55 55 57 
1 77 55 66 55 77 
1 77 65 55 55 44 
1 57 55 55 55 55 
1 55 55 35 57 77 
1 57 53 35 55 74 
1 55 55 35 57 77 
1 57 66 33 55 77 
1 57 56 66 55 74 
1 75 65 36 55 54 
1 55 56 55 55 45 
1 77 66 55 55 75 
1 57 36 56 55 57 
1 77 66 55 55 75 
1 75 55 55 55 47 
1 55 66 59 57 57 
1 55 35 55 55 57 
1 77 65 56 57 55 
1 57 65 55 55 57 
1 77 56 56 55 75 
1 75 65 55 55 57 
1 77 66 63 55 45 
1 77 35 53 57 57 
1 55 36 56 55 77 
1 76 55 55 77 47 
1 57 35 59 55 47 
1 75 53 96 67 55 
1 77 63 55 55 77 
1 77 55 55 75 55 
1 75 65 39 55 45 
1 55 55 56 65 45 
1 57 53 55 55 77 
1 76 35 55 54 57 
1 57 55 55 55 57 
1 57 55 53 55 57 
1 55 35 65 57 57 
1 57 55 65 55 47 
1 57 56 56 55 75 
1 77 65 33 55 57 
1 57 35 55 54 47 
1 57 55 56 55 54 
1 75 35 53 77 57 
1 55 55 35 55 57 
1 55 55 56 57 45 
1 55 36 36 57 57 
1 55 55 56 55 55 
1 67 55 33 55 55 
1 77 66 55 55 45 
1 57 55 55 55 47 
1 75 36 55 55 57 
1 65 55 53 57 75 
1 55 35 35 55 55 
1 57 56 65 55 55 
1 57 66 65 66 47 
