1 5 10 2
Loc0
Loc1
Loc2
Loc3
Loc4
1 1010 0507 0605 0405 0606 
1 0710 1005 0507 1005 0607 
1 0707 0605 0605 0404 0506 
1 0707 0506 0506 0504 0607 
1 0707 0607 1007 0404 0606 
1 0507 0705 0606 0405 0607 
1 1010 0606 0606 0504 0607 
1 0705 1007 0405 1005 0605 
1 1010 0605 0605 0407 0505 
1 1010 1007 0605 0507 0605 
1 0510 1005 0710 0410 0606 
1 0505 0605 0707 0507 0605 
1 1005 0605 0704 0405 0605 
1 0710 0507 1010 0705 0507 
1 0510 0507 0505 0505 0606 
1 0710 0710 0507 0505 0606 
1 1010 0706 0607 0505 0507 
1 1010 0605 0506 0505 0707 
1 1007 0610 0706 0405 0605 
1 0510 0506 0605 0504 0606 
1 0507 0507 0605 0505 0606 
1 1007 0610 0706 0405 0606 
1 1010 0506 0406 0504 0607 
1 0705 0706 0707 0505 0606 
1 0510 0705 0506 0505 0506 
1 0710 0705 0606 0705 0505 
1 0707 0707 0506 1005 0505 
1 0710 0506 1006 0505 0607 
1 1010 1007 0507 0505 0706 
1 0505 0510 0607 0505 0605 
1 0707 0607 0707 0404 0606 
1 0510 1006 0706 0705 0607 
1 0707 0510 0506 0405 0706 
1 1010 0610 0506 0504 0506 
1 0507 0710 0607 0405 0606 
1 0705 0507 0707 0507 0506 
1 0510 0705 0606 0510 0605 
1 0707 0710 0604 0505 0706 
1 1007 0606 0507 0504 0606 
1 0710 0707 0510 0510 0506 
1 0710 0605 1007 0505 0606 
1 1007 0510 0606 0504 0705 
1 0510 0505 0707 0505 0707 
1 1010 0506 0404 0404 0606 
1 0510 0510 0706 0405 0606 
1 1007 0606 0505 0505 0506 
1 0510 0705 0605 0705 0606 
1 1005 1010 0606 0504 0606 
1 0507 1007 0704 0507 0706 
1 0707 1007 0606 0410 0505 
1 0510 0505 0406 0505 0707 
1 0707 0705 0407 0505 0507 
1 0505 0510 0610 0505 0706 
1 0707 0510 0706 0510 0705 
1 0710 0705 0406 1010 0506 
1 0707 0607 0704 0505 0605 
1 0710 0506 0505 0505 0607 
1 0707 0707 0605 0405 0707 
1 0705 0510 1006 0507 0606 
1 1005 0607 0606 0404 0706 
1 1007 0706 0506 0405 0607 
1 0707 0506 0605 0507 0507 
1 1005 0506 0506 0505 0706 
1 1007 1007 0606 0505 0606 
1 1007 0610 0707 0405 0606 
1 1005 0706 0705 0705 0607 
1 0710 0506 0604 0504 0607 
1 0507 1006 0706 0505 0505 
1 1005 1005 0506 0510 0706 
1 0707 0706 0406 0505 0506 
1 0707 0710 0604 0505 0706 
1 0710 0707 0606 0505 0506 
1 0507 1005 0405 0505 0506 
1 0507 0705 0607 0405 0705 
1 0507 0606 0705 0504 0607 
1 1010 1005 0707 0505 0606 
1 0707 0610 0504 1007 0606 
1 1005 0606 0507 0705 0707 
1 1010 0606 0507 0405 0506 
1 0705 0706 0606 0504 0606 
1 0705 0610 0604 0505 0505 
1 0707 0607 0506 0505 0606 
1 0510 0707 0606 0505 0506 
1 0505 0605 0707 0705 0605 
1 0710 0506 0705 0704 0506 
1 1010 1010 0610 0505 0607 
1 0510 0505 0606 0505 0605 
1 0505 0506 0607 0505 0705 
1 1007 0605 0505 0705 0706 
1 1007 0705 0506 0505 0707 
1 1010 1010 0407 0504 0506 
1 1010 0705 0606 0410 0706 
1 1007 1005 0605 0507 0505 
1 0705 0607 0704 0505 0706 
1 0707 0505 0706 0405 0607 
1 1007 0507 0606 0505 0606 
1 0707 0710 0404 0705 0506 
1 0710 0705 0705 0505 0706 
1 1005 1007 0606 0505 0606 
1 0510 0506 0406 0505 0707 
