1 5 10 2
Loc0
Loc1
Loc2
Loc3
Loc4
1 0605 0607 0508 0509 0605 
1 0707 0707 0505 0605 0707 
1 0707 0707 0805 0505 0505 
1 0707 0707 0507 0605 0606 
1 0507 0707 0505 0705 0605 
1 0505 0707 0505 0709 0705 
1 0705 0707 0505 0605 0506 
1 0706 0706 0708 0905 0505 
1 0506 0707 0805 0606 0505 
1 0505 0607 0505 0605 0707 
1 0705 0706 0505 0705 0505 
1 0705 0707 0505 0509 0706 
1 0707 0707 0505 0705 0507 
1 0505 0710 0508 0706 0605 
1 0707 0707 0505 0905 0706 
1 0707 0707 0505 0905 0705 
1 0705 0707 0805 0505 0705 
1 0705 0710 0705 0705 0505 
1 0507 0707 0805 0505 0505 
1 0505 0707 0505 0605 0506 
1 0507 0610 0505 0905 0507 
1 0505 0607 0605 0506 0706 
1 0505 0706 0705 0905 0707 
1 0507 0707 0505 0505 0606 
1 0605 0706 0805 0605 0705 
1 0505 0707 0506 0909 0705 
1 0705 0707 0505 0607 0707 
1 0605 0706 0505 0505 0705 
1 0707 0707 0505 0505 0505 
1 0505 0707 0505 0505 0506 
1 0507 0707 0805 0509 0505 
1 0705 0707 0505 0707 0707 
1 0706 0707 0805 0705 0505 
1 0506 0706 0507 0505 0605 
1 0706 0706 0807 0505 0505 
1 0607 0707 0505 0505 0705 
1 0505 0707 0508 0606 0605 
1 0605 0707 0705 0705 0605 
1 0507 0707 0505 0505 0605 
1 0507 0707 0505 0505 0707 
1 0506 0706 0707 0705 0507 
1 0507 0707 0508 0506 0505 
1 0505 0707 0505 0706 0505 
1 0707 0707 0508 0507 0506 
1 0505 0710 0505 0505 0705 
1 0605 0707 0508 0505 0705 
1 0705 0710 0808 0706 0505 
1 0505 0707 0505 0605 0606 
1 0607 0607 0505 0506 0705 
1 0705 0707 0508 0905 0605 
1 0505 0707 0708 0607 0606 
1 0505 0707 0505 0605 0506 
1 0705 0610 0505 0505 0507 
1 0505 0607 0505 0705 0606 
1 0705 0707 0505 0505 0505 
1 0705 0607 0505 0505 0505 
1 0507 0707 0705 0505 0606 
1 0506 0710 0805 0609 0607 
1 0505 0707 0605 0507 0707 
1 0705 0707 0505 0706 0505 
1 0707 0707 0505 0705 0505 
1 0705 0707 0505 0506 0505 
1 0705 0707 0705 0505 0505 
1 0506 0707 0805 0506 0505 
1 0507 0607 0505 0505 0607 
1 0505 0703 0505 0707 0705 
1 0507 0707 0505 0605 0506 
1 0505 0707 0505 0709 0605 
1 0505 0707 0805 0605 0605 
1 0605 0707 0507 0505 0606 
1 0507 0706 0505 0505 0507 
1 0505 0707 0505 0907 0707 
1 0506 0710 0505 0505 0707 
1 0707 0707 0505 0509 0605 
1 0705 0706 0505 0507 0605 
1 0507 0607 0707 0507 0606 
1 0505 0707 0505 0609 0605 
1 0505 0706 0505 0507 0705 
1 0505 0707 0505 0605 0505 
1 0705 0707 0505 0505 0605 
1 0505 0607 0508 0606 0605 
1 0507 1006 0505 0509 0606 
1 0505 0707 0505 0505 0705 
1 0605 0607 0508 0505 0707 
1 0707 0707 0705 0505 0705 
1 0507 0707 0505 0506 0605 
1 0705 0706 0508 0905 0707 
1 0505 0707 0505 0506 0606 
1 0507 0707 0505 0507 0506 
1 0505 0710 0505 0605 0505 
1 0505 0706 0505 0705 0506 
1 0507 0707 0505 0707 0606 
1 0505 0706 0805 0609 0505 
1 0506 0710 0607 0605 0606 
1 0505 0707 0505 0709 0705 
1 0505 0707 0508 0706 0505 
1 0507 0707 0506 0705 0505 
1 0707 0707 0805 0906 0505 
1 0505 0707 0505 0505 0506 
1 0505 0707 0505 0507 0606 
