1 5 10 2
Loc0
Loc1
Loc2
Loc3
Loc4
1 0605 0101 0605 0505 0605 
1 0505 0101 0506 0505 0710 
1 0505 0601 0506 0607 0506 
1 0606 0606 0506 0507 0510 
1 0506 0506 0606 0507 0510 
1 0505 0105 0605 0707 0505 
1 0505 0506 0506 0506 0305 
1 0505 0501 0506 0705 1007 
1 0505 0101 0505 0706 0707 
1 0606 0605 0605 0706 0710 
1 0505 0106 0505 0505 0707 
1 0605 0101 0606 0707 0705 
1 0505 0501 0505 0605 0505 
1 0505 0104 0605 0507 0605 
1 0505 0505 0605 0506 0707 
1 0605 0105 0606 0605 0305 
1 0505 0101 0606 0507 1010 
1 0505 0401 0606 0506 0710 
1 0605 0106 0605 0705 0710 
1 0505 0701 0505 0505 0705 
1 0506 0101 0505 0605 0707 
1 0505 0601 0606 0606 1006 
1 0506 0101 0606 0505 1005 
1 0505 0105 0606 0507 1007 
1 0605 0501 0505 0506 0707 
1 0505 0101 0605 0507 0305 
1 0606 0104 0606 0506 0610 
1 0505 0101 0605 0507 0607 
1 0505 0101 0606 0607 0503 
1 0506 0105 0605 0705 0707 
1 0506 0406 0605 0607 0705 
1 0605 0105 0605 0505 0705 
1 0605 0101 0506 0507 1010 
1 0506 0605 0506 0705 0707 
1 0505 0101 0505 0607 1010 
1 0505 0101 0605 0505 1010 
1 0505 0406 0605 0705 0310 
1 0605 0504 0505 0507 0707 
1 0605 0101 0505 0505 1005 
1 0505 0101 0506 0705 0710 
1 0505 0505 0506 0607 0705 
1 0606 0106 0505 0705 0705 
1 0506 0104 0605 0505 1007 
1 0505 0101 0606 0607 0607 
1 0505 0605 0506 0707 0505 
1 0506 0101 0606 0705 0505 
1 0505 0401 0605 0705 0305 
1 0605 0101 0505 0506 0707 
1 0505 0105 0506 0507 0307 
1 0505 0601 0606 0707 0707 
1 0506 0101 0506 0705 0710 
1 0505 0105 0506 0705 1010 
1 0506 0605 0505 0605 0507 
1 0505 0101 0505 0605 0706 
1 0605 0105 0606 0607 0705 
1 0505 0101 0505 0605 0705 
1 0606 0101 0506 0507 1007 
1 0606 0405 0605 0705 0307 
1 0505 0101 0606 0505 1010 
1 0605 0505 0605 0607 0305 
1 0505 0101 0506 0607 1010 
1 0505 0104 0605 0507 0605 
1 0506 0406 0506 0707 0303 
1 0505 0101 0506 0505 0605 
1 0505 0105 0605 0606 0707 
1 0505 0405 0606 0707 0305 
1 0605 0101 0605 0507 0603 
1 0505 0101 0505 0705 0706 
1 0505 0101 0606 0707 0605 
1 0505 0501 0505 0507 1007 
1 0505 0101 0606 0505 0510 
1 0506 0105 0605 0507 1003 
1 0505 0101 0505 0507 1005 
1 0505 0101 0506 0705 0705 
1 0605 0106 0606 0606 0705 
1 0505 0104 0505 0607 0705 
1 0506 0101 0605 0605 0707 
1 0506 0501 0606 0505 0310 
1 0505 0104 0505 0706 0307 
1 0505 0101 0605 0505 0510 
1 0505 0101 0606 0707 0307 
1 0505 0101 0505 0707 0707 
1 0505 0106 0605 0507 1007 
1 0506 0505 0605 0705 0505 
1 0505 0605 0606 0707 0310 
1 0505 0106 0606 0706 0707 
1 0505 0101 0605 0507 1007 
1 0605 0505 0506 0707 0305 
1 0606 0501 0605 0505 0310 
1 0605 0605 0606 0505 0710 
1 0505 0106 0605 0505 1010 
1 0605 0101 0606 0605 0306 
1 0505 0101 0606 0505 0710 
1 0605 0401 0606 0607 0507 
1 0605 0101 0605 0507 1010 
1 0506 0501 0605 0507 0510 
1 0506 0101 0506 0707 0505 
1 0505 0101 0605 0705 0510 
1 0605 0401 0505 0507 1010 
1 0506 0101 0505 0506 0707 
