1 5 10 2
Loc0
Loc1
Loc2
Loc3
Loc4
1 0505 0705 0505 0505 0506 
1 0504 0605 0507 0507 0505 
1 0505 0606 0505 0705 0505 
1 0506 0505 0505 0707 0706 
1 0505 0505 0505 0505 0505 
1 0505 0505 0505 0605 1005 
1 0505 0505 0506 0605 1005 
1 0605 0505 0605 0705 0505 
1 0505 0506 0505 0705 0505 
1 0505 0506 0505 0707 1006 
1 0505 0505 0505 0707 1005 
1 0605 0505 0505 0707 0505 
1 0605 0505 0505 0404 0510 
1 0606 0505 0505 0707 0706 
1 0505 0505 0606 0505 0605 
1 0504 0506 0506 0506 0607 
1 0504 0505 0505 0505 0506 
1 0405 0506 0605 0707 0605 
1 0505 0505 0505 0506 0706 
1 0505 0505 0506 0405 1010 
1 0504 0506 0505 0506 0506 
1 0405 0506 0506 0706 0507 
1 0505 0505 0505 0505 0506 
1 0505 0505 0505 0705 0605 
1 0506 0505 0505 0707 1005 
1 0505 0706 0505 0506 0505 
1 0505 0505 0605 0706 0506 
1 0505 0505 0506 0707 1010 
1 0504 0605 0507 0606 0505 
1 0505 0505 0605 0407 1005 
1 0505 0505 0505 0707 0605 
1 0505 0505 0505 0606 0607 
1 0506 0506 0505 0505 0706 
1 0505 0505 0506 0605 0510 
1 0505 0505 0505 0505 1006 
1 0505 0505 0505 0407 1005 
1 0404 0505 0605 0704 1005 
1 0605 0505 0506 0607 0506 
1 0505 0505 0505 0706 0606 
1 0604 0505 0505 0705 0605 
1 0504 0505 0605 0607 0606 
1 0505 0507 0506 0705 0505 
1 0505 0505 0605 0707 0706 
1 0505 0506 0505 0707 0606 
1 0505 0505 0605 0506 0705 
1 0504 0505 0505 0506 0510 
1 0505 0505 0505 0707 0606 
1 0504 0505 0506 0705 1005 
1 0505 0505 0506 0705 0607 
1 0605 0505 0506 0706 0606 
1 0405 0505 0505 0707 0505 
1 0505 0605 0505 0707 0506 
1 0506 0506 0605 0607 0605 
1 0406 0505 0505 0705 0605 
1 0505 0505 0605 0507 0506 
1 0505 0505 0505 0707 1006 
1 0505 0605 0505 0505 0506 
1 0506 0505 0505 0707 0605 
1 0504 0506 0506 0706 0607 
1 0505 0505 0506 0607 0506 
1 0505 0505 0505 0605 0606 
1 0504 0506 0506 0706 0507 
1 0504 0505 0507 0707 0605 
1 0504 0506 0505 0407 0507 
1 0505 0505 0506 0406 1006 
1 0405 0505 0505 0705 1005 
1 0505 0605 0505 0707 0605 
1 0505 0505 0606 0705 1005 
1 0505 0505 0505 0405 0506 
1 0505 0505 0505 0505 0610 
1 0505 0505 0505 0705 0506 
1 0505 0505 0506 0707 1007 
1 0505 0605 0506 0705 0610 
1 0405 0606 0605 0607 0606 
1 0504 0505 0506 0707 0506 
1 0505 0505 0505 0706 0610 
1 0504 0505 0506 0707 0605 
1 0505 0605 0605 0705 0706 
1 0505 0505 0505 0705 0510 
1 0505 0505 0506 0705 0505 
1 0506 0506 0505 0707 0506 
1 0505 0505 0505 0705 0606 
1 0505 0605 0606 0507 0610 
1 0505 0505 0505 0607 1005 
1 0506 0605 0506 0705 0505 
1 0605 0506 0505 0707 0605 
1 0505 0505 0505 0705 0706 
1 0504 0505 0507 0507 0605 
1 0505 0506 0605 0605 1006 
1 0405 0505 0605 0606 1005 
1 0506 0505 0505 0707 0506 
1 0506 0506 0607 0706 0510 
1 0505 0605 0505 0605 0505 
1 0404 0505 0705 0705 0605 
1 0504 0505 0507 0507 0605 
1 0505 0605 0505 0706 1005 
1 0505 0505 0605 0506 0510 
1 0505 0505 0506 0705 1005 
1 0505 0506 0605 0705 0606 
1 0505 0505 0505 0406 0605 
