1 5 10 2
Loc0
Loc1
Loc2
Loc3
Loc4
1 0505 0506 0710 0507 0705 
1 0706 0607 0807 0505 0505 
1 0507 0706 0505 0706 0705 
1 0703 0706 0810 0507 0707 
1 0305 0606 0505 0607 0707 
1 0505 0606 1005 0507 0507 
1 0306 0606 1007 0507 0507 
1 0305 0707 0705 0505 0505 
1 0307 0607 1005 0705 0507 
1 0307 0606 0505 0507 0507 
1 0906 0706 0705 0505 0505 
1 0905 0707 0507 0606 0505 
1 0603 0706 0505 0407 0505 
1 0605 0606 1005 0405 0705 
1 0507 0704 0507 0505 0505 
1 0606 0607 0705 1007 0505 
1 0305 0607 0510 0607 0505 
1 0607 0706 0507 0707 0507 
1 0505 0506 1005 0507 0505 
1 0603 0606 0805 0507 0505 
1 0705 0607 0505 0505 0505 
1 0505 0606 0510 0607 0707 
1 0505 0606 0505 0405 0507 
1 0609 0507 0510 0505 0506 
1 0305 0606 0505 0507 0707 
1 0705 0607 0507 0704 0505 
1 0705 0607 0505 0607 0705 
1 1009 0607 0705 0505 0505 
1 0605 0606 0506 0406 0707 
1 0507 0507 0505 0705 0507 
1 0505 0707 0507 0704 0507 
1 0305 0707 0507 0605 0705 
1 0710 0506 0510 0605 0707 
1 0506 0507 1010 0507 0505 
1 0503 0506 0705 0707 0507 
1 0307 0506 0505 0507 0505 
1 0305 0506 0606 0505 0705 
1 0507 0605 0507 0706 0705 
1 0603 0605 0705 0606 0705 
1 0303 0606 0705 0705 0705 
1 0506 0707 0505 0705 0505 
1 0505 0707 0505 0507 0507 
1 0606 0706 0505 0505 0705 
1 0609 0607 0510 0706 0507 
1 0303 0607 0506 0505 0705 
1 0706 0706 0505 0405 0505 
1 0705 0606 1005 0505 0505 
1 0606 0706 1005 0505 0605 
1 0509 0607 0510 0505 0507 
1 0506 0707 0705 1006 0707 
1 0906 0707 0505 0507 0505 
1 0606 0606 0508 0406 0705 
1 0607 0605 0505 0706 0505 
1 0605 0606 1007 0507 0507 
1 0503 0707 0505 0410 0507 
1 0605 0506 0510 0507 0505 
1 0607 0605 0805 0506 0705 
1 0303 0706 0505 0706 0705 
1 0603 0607 0507 0505 0505 
1 0703 0606 0505 0507 0507 
1 0507 0706 0705 1007 0707 
1 0509 0706 0507 0505 0505 
1 0306 0606 0507 0710 0505 
1 0605 0606 0506 0605 0705 
1 0506 0506 0505 0605 0505 
1 0503 0706 0707 0505 0705 
1 0505 0606 0505 0605 0707 
1 0305 0706 0505 0707 0507 
1 0503 0606 0707 0505 0507 
1 0505 0606 0707 0705 0505 
1 0609 0607 1005 1006 0705 
1 0307 0706 1005 0606 0507 
1 0906 0407 0705 0705 0605 
1 0603 0606 0505 0507 0707 
1 0305 0607 1005 0605 0707 
1 1005 0607 0510 0505 0706 
1 0706 0506 0705 0707 0505 
1 0606 0607 0510 1005 0705 
1 1005 0607 0705 0705 0705 
1 0605 0505 0710 0607 0505 
1 0303 0607 0505 0504 0507 
1 0503 0707 0705 0405 0705 
1 0510 0506 0705 0510 0505 
1 0606 0605 0510 0705 0507 
1 0303 0707 0505 0705 0507 
1 0603 0607 0705 0606 0505 
1 0506 0706 0508 0506 0507 
1 0609 0606 0705 0607 0707 
1 0306 0706 1005 1006 0505 
1 0503 0706 0505 0707 0607 
1 0505 0607 0507 0706 0707 
1 0505 0706 0505 1005 0705 
1 0706 0606 0505 0505 0505 
1 0507 0607 0505 0505 0507 
1 0503 0606 0507 0406 0705 
1 0705 0607 1005 0505 0505 
1 0906 0707 0510 0505 0705 
1 0503 0607 0705 0507 0507 
1 0505 0606 0710 0610 0505 
1 0505 0707 0510 0705 0706 
