1 5 10 2
Loc0
Loc1
Loc2
Loc3
Loc4
1 0605 0705 0706 0607 0506 
1 0505 0507 0505 0705 1005 
1 0506 0503 0503 0507 1010 
1 0505 0507 0305 0507 0510 
1 0506 0707 0605 0507 0707 
1 0607 0705 0505 0701 0505 
1 0606 0506 0510 0705 1010 
1 0606 0705 1005 0706 1005 
1 0506 0706 0505 0707 1010 
1 0606 0706 1005 0507 0510 
1 0505 0505 0505 0607 0510 
1 0606 0605 0710 0505 0505 
1 0505 0705 1010 0505 0705 
1 0610 0606 0510 0705 0710 
1 0510 0706 0510 0707 0705 
1 0505 0504 1005 0507 1005 
1 0506 0505 0505 0507 0710 
1 0505 0705 0505 0705 1010 
1 0505 0305 0504 0705 0605 
1 0506 0504 0505 0107 0706 
1 0605 0506 0505 0707 0705 
1 0710 0506 0505 0707 1010 
1 0505 0705 0505 0701 1010 
1 0505 0504 0505 0507 0710 
1 0505 0506 0305 0707 0610 
1 1005 0507 0505 0707 0505 
1 0605 0705 0510 0507 0506 
1 0506 0507 0306 0701 0506 
1 0606 0505 0506 0107 0510 
1 0506 0705 0505 0707 0705 
1 0505 0705 0505 0705 1005 
1 0606 0705 0405 0706 1010 
1 0506 0707 0306 0707 1007 
1 0507 0707 0507 0707 0605 
1 1005 0705 0705 0707 0710 
1 0505 0707 0505 0707 0506 
1 0510 0706 0503 0607 0807 
1 0505 0705 0505 0707 1005 
1 1006 0505 0405 0505 0710 
1 0506 0407 0507 0707 0706 
1 0506 0705 0505 0507 0607 
1 0506 0505 0505 0505 1007 
1 0506 0605 1005 0707 0705 
1 0605 0705 0505 0707 0710 
1 0606 0606 0510 0607 0710 
1 0505 0705 0505 0705 1005 
1 0610 0605 0505 0507 0705 
1 0505 0507 0510 0507 0705 
1 0505 0707 0505 0706 1006 
1 0505 0705 0505 0707 1010 
1 0506 0707 0505 0705 0707 
1 0505 0304 1005 0707 0607 
1 0507 0507 0506 0707 0607 
1 0505 0505 0505 0707 0606 
1 0505 0705 0506 0707 0705 
1 0505 0607 0505 0707 0506 
1 0606 0405 0505 0606 0505 
1 0607 0707 0505 0707 0605 
1 0606 0505 0305 0607 1005 
1 0505 0504 0403 0507 0705 
1 0505 0504 0507 0601 1006 
1 0505 0507 1005 0506 1005 
1 0607 0507 0506 0707 0507 
1 0606 0704 0505 0705 1005 
1 0506 0705 0605 0505 0605 
1 0506 0505 0305 0707 1007 
1 0506 0705 0505 0701 1006 
1 0506 0505 1005 0707 0510 
1 0505 0505 0310 0707 1005 
1 0606 0705 1005 0506 0610 
1 0605 0705 1005 0707 1010 
1 0506 0505 0510 0705 0705 
1 0506 0705 0505 0607 0505 
1 0506 0707 0505 0707 0707 
1 0506 0507 0506 0101 0605 
1 0605 0707 0705 0705 0507 
1 0506 0505 0505 0507 0505 
1 0506 0707 0505 0506 1005 
1 0606 0506 0505 0607 0710 
1 0605 0505 0505 0705 1007 
1 0505 0505 0503 0707 1007 
1 1005 0404 0505 0707 0706 
1 0506 0507 0505 0707 1010 
1 0506 0505 0505 0707 0605 
1 0505 0704 0305 0707 1007 
1 0606 0507 0510 0707 0606 
1 0505 0607 0507 0107 0508 
1 0505 0506 0505 0701 1005 
1 0505 0505 0305 0707 1010 
1 0606 0505 0306 0707 0605 
1 0506 0705 0505 0705 0607 
1 0505 0707 0506 0505 1006 
1 0505 0507 0506 0505 0806 
1 0505 0505 0505 0701 0510 
1 0505 0507 0506 0507 0707 
1 0506 0505 0505 0707 0710 
1 0605 0706 1005 0707 1005 
1 0506 0505 0505 0705 0610 
1 0605 0505 0505 0706 0705 
1 0605 0605 0505 0505 0606 
