1 5 10 2
Loc0
Loc1
Loc2
Loc3
Loc4
1 0705 0605 0704 0506 0505 
1 0706 0607 0707 0505 0605 
1 0501 0607 0705 0505 0606 
1 0605 0606 0407 1006 0506 
1 0607 0506 0706 1005 0506 
1 0707 0605 0705 0505 0705 
1 0707 0606 0707 0505 0606 
1 0707 0606 0704 0506 0505 
1 0707 0606 0707 0505 0506 
1 0605 0607 0505 0405 0505 
1 0705 0605 0505 0505 0505 
1 0707 0610 0607 0605 0507 
1 0505 0706 0507 0505 0605 
1 0507 0606 0504 0505 0505 
1 0701 0607 0707 0505 0505 
1 0605 0505 0707 0505 0505 
1 0507 0606 0707 0605 0505 
1 0705 0605 0707 0505 0505 
1 0705 0607 0705 0605 0605 
1 0507 0605 0507 0505 0505 
1 0607 0706 0707 0505 0505 
1 0107 0705 0707 0705 0605 
1 0706 0610 0707 0505 0705 
1 0701 0606 0505 0505 0505 
1 0706 0606 0707 0506 0705 
1 0705 0505 0707 0605 0505 
1 0607 0705 0507 0505 0506 
1 0606 0706 0707 0505 0506 
1 0107 0606 0705 0505 0605 
1 0605 0707 0705 0405 0505 
1 0507 0606 0705 0605 0505 
1 0705 0506 0705 0505 0505 
1 0707 1006 0704 0505 0605 
1 0707 0606 0705 0505 0505 
1 0605 1006 0705 0505 0505 
1 0606 0606 0505 0505 0505 
1 0707 0606 0607 0504 0505 
1 0105 0605 0507 0506 0505 
1 0107 1007 0507 0505 0605 
1 0707 0610 0707 0505 0605 
1 0705 0605 0507 0605 0505 
1 0707 0710 0505 0605 0506 
1 0707 0607 0707 0505 0505 
1 0505 0607 0505 0505 0505 
1 0705 0706 0705 0505 0505 
1 0706 0606 0505 0505 0505 
1 0505 0607 0707 0506 0705 
1 0601 0607 0504 0506 0505 
1 0507 0606 0707 0507 0606 
1 0605 0706 0707 0406 0505 
1 0506 0606 0710 0505 0505 
1 0607 0607 0705 0507 0705 
1 0707 0506 0704 0605 0605 
1 0707 0606 0707 1005 0705 
1 0705 1006 0705 1006 0505 
1 0605 0610 0407 0505 0607 
1 0605 0706 0507 0506 0505 
1 0705 0610 0704 0505 0505 
1 0707 1007 0705 0505 0507 
1 0507 0606 0705 0505 0506 
1 0707 0610 0605 0505 0506 
1 0706 0706 0707 0507 0505 
1 0107 0606 0707 0506 0505 
1 0706 0605 0705 0504 0505 
1 0701 0605 0705 0406 0605 
1 0506 0506 0707 0505 0505 
1 0106 0606 0505 0506 0505 
1 0707 0706 0707 0506 0505 
1 0107 0606 0707 0505 0506 
1 0705 0607 0705 0506 0506 
1 0705 0606 0704 0505 0706 
1 0507 0606 0707 0505 0506 
1 0505 0506 0705 0505 0505 
1 0607 0506 0506 0503 0506 
1 0505 0610 0605 0605 0505 
1 0601 0605 0507 0505 0705 
1 0505 0706 0505 0505 0505 
1 0606 0607 0707 0605 0505 
1 0705 0706 0707 0406 0506 
1 0105 0506 0507 0505 0506 
1 0701 0607 0407 0505 0606 
1 0607 0505 0506 0504 0505 
1 0505 0606 0507 0503 0505 
1 0701 0606 0707 0505 0505 
1 0705 0605 0705 0505 0505 
1 0605 0606 0507 0505 0505 
1 0607 0707 0405 0605 0505 
1 0507 0506 0707 0506 0605 
1 0707 0607 0705 0505 0506 
1 0107 0606 0507 0506 0506 
1 0605 1005 0705 0506 0505 
1 0505 0606 0705 0605 0605 
1 0705 0705 0407 0506 0506 
1 0601 0607 0705 0605 0505 
1 0607 0506 0705 0507 0607 
1 0507 1006 0507 0506 0506 
1 0507 0606 0507 0510 0705 
1 0501 0605 0705 0505 0606 
1 0506 0505 0507 0505 0505 
1 0705 1006 0704 0506 0505 
