1 5 10 2
Loc0
Loc1
Loc2
Loc3
Loc4
1 0707 0506 0504 0105 0505 
1 0905 0505 0704 0505 0505 
1 0609 0507 0505 0105 1005 
1 0504 0505 0505 0505 0506 
1 0504 0507 0505 0105 0510 
1 0409 0507 0405 0505 0607 
1 0806 0506 0704 0605 1005 
1 0906 0605 0704 0505 0505 
1 0404 0705 0407 0505 0505 
1 0804 0505 0405 0605 1007 
1 0403 0505 0505 0105 1007 
1 0705 0505 0505 1005 1005 
1 0705 0505 0401 0105 0506 
1 0406 0505 0505 1005 0505 
1 0705 0505 0505 0106 0507 
1 0408 0601 0505 0501 0605 
1 0409 0501 0505 0101 0505 
1 0806 0505 0505 0505 0506 
1 0705 0506 0405 0105 0510 
1 0805 0605 0507 0105 0505 
1 0508 0705 0405 0501 0707 
1 0908 0505 0504 0505 0705 
1 0404 0506 0505 0505 0705 
1 0904 0501 0405 0506 0505 
1 0903 0605 0405 0505 0507 
1 0706 0505 0705 0505 0606 
1 0404 0506 0405 1001 0505 
1 0405 0505 0707 0506 0705 
1 0809 0505 0505 0505 0605 
1 0404 0506 0505 0505 0607 
1 0606 0605 0505 0101 1007 
1 0908 0505 0105 0505 0510 
1 0504 0505 0504 0605 0710 
1 0405 0507 0504 0505 1005 
1 0507 0501 0505 0505 1005 
1 0409 0506 0504 0505 0506 
1 0806 0505 0404 0505 0606 
1 0604 0505 0705 0105 0505 
1 0608 0501 0105 0505 0507 
1 0408 0105 0405 0505 0607 
1 0406 0505 0505 1006 1007 
1 0506 0505 0505 0501 0507 
1 0703 0506 0505 0110 0510 
1 0809 0507 0505 0605 0505 
1 0507 0505 0505 0108 0707 
1 0408 0507 0505 0605 0710 
1 0406 0605 0505 0505 0505 
1 0808 0507 0505 0510 0507 
1 0507 0705 0505 0505 0507 
1 0606 0505 0505 0601 1007 
1 0505 0106 0504 0501 0606 
1 0406 0507 0505 0505 1007 
1 0406 0605 0504 0106 0706 
1 0708 0505 0504 0505 1007 
1 0705 0505 0506 0505 0507 
1 0504 0505 0705 0501 0507 
1 0706 0107 0501 0605 0707 
1 0708 0505 0505 0605 0506 
1 0606 0505 0405 0805 1010 
1 0708 0501 0505 0601 0507 
1 0407 0505 0505 0105 0505 
1 0604 0705 0405 0505 0705 
1 0404 0505 0504 0505 0507 
1 0807 0505 0501 0105 1007 
1 0804 0105 0505 0510 0610 
1 0508 0505 0505 0601 0505 
1 0604 0505 0704 0506 1006 
1 0707 0505 0505 0506 0507 
1 0904 0506 0505 0506 0710 
1 0407 0605 0401 0505 1005 
1 0704 0505 0401 0505 0606 
1 0407 0505 0505 1001 0505 
1 0406 0505 0504 0606 0705 
1 0706 0705 0404 0505 0605 
1 0705 0506 0504 0105 0510 
1 0908 0501 0705 0101 0705 
1 0504 0506 0505 0505 1010 
1 0408 0505 0505 0106 0506 
1 0606 0506 0505 0605 1007 
1 0506 0705 0505 0605 1005 
1 0409 0605 0505 0505 0505 
1 0604 0605 0505 0806 0706 
1 0409 0605 0505 1001 1005 
1 0408 0105 0405 0505 0610 
1 0504 0607 0505 0105 0605 
1 0504 0105 0504 0508 0505 
1 0604 0601 0505 0505 0705 
1 0807 0605 0505 0505 0705 
1 0504 0706 0505 0108 0705 
1 0903 0607 0504 0605 0607 
1 0705 0605 0105 0508 0606 
1 0507 0705 0505 0505 0505 
1 0404 0605 0406 0505 0607 
1 0409 0505 0505 0505 1005 
1 0404 0505 0501 0501 0707 
1 0406 0505 0505 0105 0705 
1 0604 0505 0405 0101 0505 
1 0907 0505 0705 0505 1010 
1 0709 0507 0505 0501 0505 
1 0504 0505 0405 0505 0505 
