1 5 10 2
Loc0
Loc1
Loc2
Loc3
Loc4
1 0505 1005 0606 0607 0703 
1 0505 0510 0605 0606 0503 
1 0505 0510 0505 0706 0705 
1 0505 0405 0706 0705 0703 
1 0505 0605 0706 0706 0707 
1 0705 0504 0605 0705 1004 
1 0507 1005 0605 0606 0705 
1 0507 0505 0607 0706 0706 
1 0505 0510 0605 0606 0405 
1 0505 0606 0505 0507 0707 
1 0705 1005 0506 0705 0507 
1 0405 0510 0606 0606 0707 
1 0505 0506 0605 0705 0507 
1 0405 0510 0505 0606 0505 
1 0505 0610 0705 0706 0703 
1 0707 0505 0607 0506 0706 
1 0505 0505 0606 0507 0707 
1 0505 0404 0606 0606 0403 
1 0505 0505 0506 0706 0507 
1 0510 0505 0506 0706 0505 
1 0705 0506 0705 0507 0507 
1 0505 1005 0505 0607 0510 
1 0505 0505 0506 0606 0305 
1 0505 1010 0606 0607 0703 
1 0505 0404 0706 0607 0505 
1 0505 0505 0606 0605 0707 
1 0505 0406 0606 0706 0705 
1 0505 0505 0606 0607 0304 
1 0505 0505 0606 0706 0704 
1 0505 0506 0606 0707 0403 
1 0705 0505 0505 0607 0707 
1 0705 0605 0606 0607 0607 
1 0707 0506 0607 0706 0304 
1 0505 0604 0505 0606 1003 
1 0505 1006 0605 0706 0706 
1 0505 1010 0606 0606 0705 
1 0504 0410 0605 0705 0707 
1 0505 0505 0706 0605 1007 
1 0505 1005 0507 0606 0507 
1 0404 0505 0507 0505 0305 
1 0505 0510 0606 0507 0503 
1 0505 0605 0507 0707 0707 
1 0505 0505 0605 0707 0707 
1 0705 0505 0606 0507 0707 
1 0705 0405 0706 0607 0703 
1 0505 0510 0605 0706 0707 
1 0505 0505 0605 0605 0307 
1 0507 0606 0506 0606 0407 
1 0705 0405 0405 0607 0505 
1 0505 0510 0505 0507 0305 
1 0705 0405 0507 0605 0707 
1 0510 0504 0606 0705 0507 
1 0505 0606 0606 0606 0505 
1 0505 1005 0606 0706 0505 
1 0505 0505 0706 0606 0407 
1 0507 0505 0705 0606 0505 
1 0505 0505 0607 0607 0507 
1 0705 0610 0505 0606 0405 
1 0507 0504 0605 0705 0707 
1 0505 0505 0606 0706 0705 
1 0505 0610 0506 0505 0307 
1 0505 0510 0506 0706 0305 
1 0505 0610 0606 0606 0707 
1 0507 0405 0606 0707 0707 
1 0505 1006 0506 0606 0403 
1 0705 0406 0605 0605 0304 
1 0705 0505 0605 0607 0707 
1 0507 1004 0505 0607 0707 
1 0705 0505 0606 0707 0507 
1 0705 0505 0605 0607 0305 
1 0505 0505 0605 0706 0705 
1 0505 1010 0605 0705 1005 
1 0505 0405 0705 0607 0707 
1 0505 0504 0506 0606 0305 
1 0505 0505 0606 0706 0503 
1 0505 0605 0506 0505 0705 
1 0505 0510 0606 0706 1005 
1 0505 0506 0606 0606 0307 
1 0405 0505 0606 0607 0305 
1 0505 0605 0606 0707 0605 
1 0505 0505 0606 0507 0503 
1 0705 0505 0606 0605 0305 
1 0705 1005 0605 0507 0705 
1 0505 1005 0505 0706 0705 
1 0505 0506 0506 0607 0307 
1 1007 0504 0506 0707 0707 
1 1005 0504 0605 0506 0507 
1 0505 0510 0606 0607 0703 
1 0505 0505 0606 0706 1007 
1 0510 1005 0606 0706 0505 
1 0705 0505 0606 0607 0307 
1 0505 1010 0505 0706 1003 
1 0505 0605 0507 0507 0507 
1 0505 1005 0506 0606 0505 
1 0507 0506 0506 0707 0505 
1 0705 0410 0605 0607 0303 
1 0505 1005 0605 0705 1007 
1 0505 0506 0506 0706 0707 
1 0710 0505 0605 0506 0507 
1 0505 0510 0606 0606 0707 
