1 5 10 2
Loc0
Loc1
Loc2
Loc3
Loc4
1 0507 0507 0505 0706 0605 
1 0605 0505 0506 0705 0605 
1 0605 0507 0605 0506 0505 
1 0705 0705 0507 0506 0505 
1 0707 0506 0505 0505 0906 
1 0706 0610 0505 0707 0707 
1 0504 0606 0705 0505 0605 
1 0406 1007 0705 0705 0507 
1 0706 0605 0506 0705 0606 
1 0605 0606 0707 0507 0609 
1 0507 0707 0505 0707 0605 
1 0605 1005 0707 0507 0505 
1 0505 0506 0605 0707 0705 
1 0604 0707 0507 0505 0906 
1 0606 0607 0505 0507 0505 
1 0605 0507 0605 0706 0506 
1 0407 0506 0605 0707 0605 
1 0606 0505 0505 0605 0610 
1 0506 1007 0507 0707 0705 
1 0607 0505 0707 0505 0505 
1 0606 0610 0707 0507 0606 
1 0507 0705 0505 0605 0607 
1 0506 0707 0505 0707 0604 
1 0507 0606 0505 0505 0910 
1 0506 0605 0505 0707 0606 
1 0607 0705 0706 0505 0504 
1 0605 0610 0706 0507 0409 
1 0504 0506 0507 0707 0505 
1 0606 0506 0505 0705 0605 
1 0505 0507 0505 0705 0506 
1 0605 1007 0505 0506 0706 
1 0507 0507 0506 0607 1005 
1 0707 0507 0605 0506 0607 
1 0707 0510 0506 0505 0506 
1 0605 0505 0505 0705 0507 
1 0606 0707 0707 0507 0607 
1 0606 0506 0606 0507 0606 
1 0605 0710 0705 0505 1009 
1 0704 1007 0605 0705 0605 
1 0505 0605 0505 0505 0905 
1 0606 0506 0605 0705 0505 
1 0706 0506 0707 0501 0505 
1 0707 0505 0705 0505 0506 
1 0405 0606 0507 0507 0710 
1 0605 0607 0606 0705 0606 
1 0505 0605 0507 0506 1005 
1 0707 0705 0505 0505 0605 
1 0604 0506 0505 0705 0507 
1 0704 0707 0705 0507 0407 
1 0605 0705 0505 0605 0509 
1 0507 0606 0705 0505 0606 
1 0706 0507 0506 0507 0505 
1 0505 0610 0705 0505 0609 
1 0605 0510 0505 0505 0906 
1 0704 0505 0505 0505 0707 
1 0706 0507 0505 0707 0610 
1 0606 0510 0505 0705 0906 
1 0704 1007 0505 0506 0505 
1 0504 0505 0507 0705 0505 
1 0705 0507 0705 0705 0505 
1 0506 0510 0605 0705 0505 
1 0706 0505 0506 0705 0906 
1 0707 0505 0505 0705 0506 
1 0607 0507 0607 0505 0505 
1 0506 0507 0505 0507 0410 
1 0706 0705 0705 0705 0606 
1 0507 0605 0505 0707 0606 
1 0606 0505 0505 0605 0606 
1 0706 0705 0707 0505 0406 
1 0605 0506 0505 0106 0607 
1 0705 0705 0506 0705 0506 
1 0706 0706 0505 0505 0505 
1 0707 0607 0507 0705 0605 
1 0607 0505 0507 0505 1005 
1 0606 0705 0505 0507 0605 
1 0505 0506 0505 0705 0505 
1 0504 0606 0705 0507 0605 
1 0605 0706 0707 0505 0505 
1 0707 0505 0707 0505 0706 
1 0404 1007 0505 0705 0706 
1 0607 0505 0607 0507 0506 
1 0506 0610 0605 0705 1006 
1 0507 0705 0507 0707 0506 
1 0604 0705 0505 0505 0506 
1 0404 0707 0707 0507 0706 
1 0407 0606 0506 0707 0606 
1 0604 0606 0505 0505 0505 
1 0605 0505 0507 0705 0505 
1 0707 0705 0507 0707 0606 
1 0606 0605 0705 0507 0605 
1 0605 1006 0505 0705 0504 
1 0607 0507 0505 0505 0405 
1 0405 0507 0506 0505 0406 
1 0507 1005 0605 0505 0507 
1 0606 0706 0505 0707 0605 
1 0607 1007 0505 0507 0507 
1 0606 0510 0505 0505 0606 
1 0504 0505 0705 0505 0505 
1 0504 0506 0507 0506 0605 
1 0407 0507 0707 0505 0705 
