1 5 10 2
Loc0
Loc1
Loc2
Loc3
Loc4
1 0503 0504 0506 0505 0506 
1 0606 0705 0505 0710 0505 
1 0606 0607 0506 0505 0605 
1 0607 0706 0605 0505 0607 
1 0506 0706 0607 0607 0606 
1 0603 0507 0507 0505 0605 
1 0506 0606 0705 0705 0505 
1 0605 0605 0507 0707 0506 
1 0606 0606 0605 0505 0605 
1 0606 0407 0705 0507 0607 
1 0506 0606 0607 0705 0505 
1 0606 0607 0506 0706 0505 
1 0305 0706 0705 1005 0605 
1 0605 0706 0506 0705 0506 
1 0305 0607 0605 1005 0705 
1 0605 0606 0605 0510 0505 
1 0605 0607 0506 0510 0505 
1 0507 0606 0605 0505 0505 
1 0606 0706 0405 0705 0606 
1 0307 0606 0605 1005 0506 
1 0607 0607 0705 0510 0605 
1 0707 0707 0505 0505 0506 
1 0505 0406 0507 0505 0606 
1 0605 0606 0505 0505 0605 
1 0503 0607 0507 0505 0505 
1 0307 0607 0505 1007 0507 
1 0706 0506 0505 0507 0605 
1 0507 0606 0605 0505 0505 
1 0506 0607 0605 0505 0506 
1 0705 0606 0705 0505 0505 
1 0606 0704 0505 0505 0505 
1 0605 0606 0605 0507 0606 
1 0607 0407 0805 0505 0505 
1 0705 0706 0606 0705 0705 
1 0503 0407 0506 0505 0605 
1 0606 0606 0706 0505 0606 
1 0505 0706 0507 1007 0506 
1 0506 0606 0505 0706 0505 
1 0506 0505 0705 0706 0505 
1 0607 0707 0507 0505 0506 
1 0506 0506 0507 0507 0605 
1 0606 0606 0507 0505 0605 
1 0506 0506 0605 1007 0507 
1 0503 0705 0605 0710 0506 
1 0706 0507 0506 0506 0506 
1 0505 0506 0605 0507 0605 
1 0707 0707 0506 0705 0506 
1 0503 0607 0505 0507 0607 
1 0603 0604 0506 0507 0506 
1 0505 0604 0605 0707 0607 
1 0507 0506 0705 0505 0505 
1 0307 0507 0605 0505 0505 
1 0606 0706 0505 0707 0505 
1 0605 0607 0505 0507 0507 
1 0606 0607 0606 0505 0706 
1 0306 0506 0705 0710 0606 
1 0605 0406 0508 1007 0605 
1 0606 0606 0505 0507 0506 
1 0605 0406 0706 1007 0506 
1 0606 0706 0505 0707 0505 
1 0607 0604 0507 0505 0606 
1 0606 0605 0505 1007 0505 
1 0506 0505 0705 0510 0606 
1 0605 0706 0507 0506 0605 
1 0503 0706 0608 0605 0605 
1 0606 0606 0505 0505 0605 
1 0503 0707 0505 0505 0505 
1 0606 0704 0605 1005 0505 
1 0503 0606 0605 0705 0506 
1 0506 0606 0505 1010 0606 
1 0605 0606 0705 0707 0506 
1 0505 0704 0506 0707 0606 
1 0706 0705 0505 0505 0506 
1 0505 0606 0705 0705 0506 
1 0606 0707 0605 0507 0505 
1 0605 0604 0705 1005 0506 
1 0605 0605 0505 0507 0506 
1 0703 0504 0505 0506 0506 
1 0305 0606 0406 1005 0606 
1 0605 0604 0606 0505 0505 
1 0607 0706 0505 0510 0506 
1 0606 0706 0506 0707 0506 
1 0603 0607 0506 0506 0506 
1 0606 0604 0605 0606 0507 
1 0605 0607 0608 0605 0506 
1 0505 0706 0705 0505 0606 
1 0607 0607 0505 0505 0505 
1 0706 0604 0605 0505 0505 
1 0706 0506 0605 1005 0506 
1 0503 0705 0505 0710 0506 
1 0503 0607 0705 0707 0506 
1 0603 0707 0507 0505 0505 
1 0503 0707 0606 0506 0606 
1 0307 0706 0706 0705 0506 
1 0603 0606 0505 0707 0506 
1 0605 0606 0505 1005 0505 
1 0606 0605 0505 0510 0605 
1 0306 0606 0505 0505 0505 
1 0606 0405 0505 0505 0506 
1 0606 0406 0505 0505 0606 
