1 5 10 2
Loc0
Loc1
Loc2
Loc3
Loc4
1 0504 0507 0707 0707 0705 
1 0507 0705 0708 0705 0505 
1 0405 0507 0707 0407 0705 
1 0704 0705 0707 0704 0405 
1 0504 0705 0708 0507 0505 
1 0505 0707 0707 0706 0505 
1 0505 0507 0707 0607 0607 
1 0705 0605 0707 0607 0605 
1 0505 0705 0707 0705 0706 
1 0505 0707 0610 0607 0607 
1 0604 0705 0506 0604 0507 
1 0505 0505 0707 0705 0707 
1 0505 0707 0608 0706 0605 
1 0404 0706 0808 0707 0506 
1 0505 0706 0807 0707 0605 
1 0605 0705 0707 0505 0607 
1 0505 0706 0707 0707 0705 
1 0505 0709 0707 0705 0607 
1 0405 0705 0706 0507 0705 
1 0405 0707 0710 0607 0707 
1 0705 0605 0808 0406 0607 
1 0505 0706 0608 0407 0505 
1 0607 0506 0707 0707 0506 
1 0704 0705 0707 0604 0705 
1 0605 0707 0707 0404 0705 
1 0505 0705 0707 0707 0505 
1 0504 0907 0507 0507 0505 
1 0505 0707 0508 0604 0606 
1 0504 0507 0507 0705 0507 
1 0505 0607 0810 0707 0507 
1 0405 0505 0707 0506 0507 
1 0505 0609 0707 0604 0605 
1 0505 0506 0705 0504 0705 
1 0507 0605 0707 0506 0607 
1 0505 0707 0607 0506 0507 
1 0705 0706 0707 0707 0405 
1 0704 0707 0706 0706 0605 
1 0505 0605 0807 0707 0707 
1 0506 0605 0707 0507 0505 
1 0405 0506 0608 0704 0505 
1 0407 0707 0705 0606 0507 
1 0404 0505 0707 0707 0505 
1 0404 0707 0608 0407 0505 
1 0507 0505 0807 0405 0405 
1 0707 0605 0707 0607 0505 
1 0504 0505 0707 0605 0507 
1 0706 0707 0807 0507 0505 
1 0705 0705 0707 0705 0607 
1 0707 0605 0807 0707 0607 
1 0505 0707 0607 0607 0505 
1 0405 0705 0707 0606 0705 
1 0705 0705 0807 0607 0507 
1 0505 0507 0607 0707 0705 
1 0505 0705 0707 0406 0506 
1 0505 0607 0707 0506 0706 
1 0605 0505 0706 0104 0506 
1 0505 0605 0707 0705 0506 
1 0504 0707 0707 0707 0507 
1 0507 0507 0710 0706 0704 
1 0505 0609 0708 0606 0605 
1 0505 0506 0707 0506 0605 
1 0506 0606 0707 0607 0605 
1 0507 0507 0607 0706 0506 
1 0405 0505 1007 0707 0505 
1 0507 0505 0507 0705 0505 
1 0505 0507 0705 0505 0505 
1 0404 0707 0807 0707 0705 
1 0405 0506 0607 0407 0707 
1 0504 0705 0706 0401 0707 
1 0506 0707 0606 0406 0506 
1 0505 0706 0707 0707 0707 
1 0507 0907 0707 0605 0605 
1 0505 0606 0707 0406 0505 
1 0405 0507 0607 0705 0705 
1 0506 0705 0706 0506 0507 
1 0506 0707 0707 0706 0506 
1 0505 0507 0807 0705 0505 
1 0505 0707 0706 0505 0407 
1 0707 0707 0707 0606 0607 
1 0405 0507 0705 0707 0505 
1 0505 0705 0707 0706 0707 
1 0405 0507 0710 0707 0505 
1 0405 0706 0706 0507 0506 
1 0507 0905 0606 0707 0505 
1 0406 0706 0707 0605 0506 
1 0406 0705 0706 0607 0706 
1 0506 0605 0707 0707 0605 
1 0504 0605 0807 0704 0506 
1 0505 0705 0607 0406 0506 
1 0404 0705 0807 0707 0405 
1 0505 0605 0707 0507 0605 
1 0504 0705 0706 0506 0505 
1 0504 0705 0706 0706 0505 
1 0505 0707 0708 0707 0505 
1 0506 0706 0608 0607 0505 
1 0505 0607 0707 0407 0505 
1 0505 0706 0707 0705 0607 
1 0405 0707 0708 0704 0505 
1 0504 0706 0707 0506 0705 
1 0404 0505 0707 0406 0406 
