1 5 10 2
Loc0
Loc1
Loc2
Loc3
Loc4
1 0503 0505 0505 0307 0705 
1 0603 0610 0506 0507 0705 
1 0605 0505 0505 0707 0505 
1 0505 0605 1005 0707 0505 
1 0506 0506 0605 0505 0505 
1 0504 0505 0505 0503 0505 
1 0505 0505 0506 0705 0505 
1 0505 0410 0605 0705 0507 
1 0505 0505 0506 0707 0505 
1 0505 0605 0506 0506 0505 
1 0503 0505 0505 0706 0705 
1 0506 0505 0505 0505 0505 
1 0505 0505 0505 0505 0505 
1 0505 0510 0605 0607 0505 
1 0607 0505 0505 0707 0705 
1 0606 0605 0505 0507 0505 
1 0605 0505 0505 0507 0707 
1 0706 1005 0605 0505 0505 
1 0605 0505 0605 0607 0507 
1 0506 0505 0506 0707 0505 
1 0505 0505 0605 0503 0505 
1 0505 0505 0505 0607 0505 
1 0505 0506 0505 0707 0705 
1 0305 0505 0506 0607 0505 
1 0605 0705 0606 0707 0705 
1 0505 0506 0606 0305 0505 
1 0705 0505 0506 0607 0505 
1 0506 0604 0705 0507 0505 
1 0505 0605 0506 0605 0504 
1 0606 0505 0506 0705 0505 
1 0505 0505 0505 0707 0705 
1 0605 0505 0606 0707 0505 
1 0305 0510 0605 0507 0505 
1 0505 0705 0505 0705 0707 
1 0506 0407 0605 0607 0505 
1 0506 0505 0505 0307 0705 
1 0705 0605 0510 0707 0505 
1 0505 0505 0506 0705 0705 
1 0705 1006 0605 0707 0705 
1 0305 0505 0507 0707 0505 
1 0305 1004 0506 0306 0505 
1 0507 1005 0506 0707 0505 
1 0406 0605 0606 0707 0505 
1 0604 0505 0505 0705 0505 
1 0505 0505 0506 0707 0505 
1 0505 0505 0605 0703 0505 
1 0505 0505 0505 0507 0505 
1 0505 0505 0606 0703 0505 
1 0405 0506 0606 0505 0507 
1 0505 0505 0606 0703 0505 
1 0505 0505 0606 0707 0505 
1 0505 0605 0606 0507 0505 
1 0605 0505 0506 0305 0507 
1 0506 0505 0506 0707 0505 
1 0605 1010 0605 0707 0505 
1 0505 0605 0605 0507 0505 
1 0305 0510 0505 0506 0505 
1 0605 0505 0605 0705 0505 
1 0505 0504 0506 0707 0705 
1 0506 1005 0505 0607 0505 
1 0505 0504 0506 0706 0505 
1 0506 0404 0606 0705 0505 
1 0506 0505 0606 0707 0505 
1 0505 0505 0506 0707 0705 
1 0703 0605 0605 0507 0505 
1 0505 0507 0506 0705 0507 
1 0505 0605 1005 0707 0505 
1 0607 0505 0505 0703 0505 
1 0505 1005 0505 0507 0705 
1 0505 0505 1005 0307 0505 
1 0505 0505 0505 0706 0507 
1 0304 0510 0506 0707 0505 
1 0505 0505 0605 0707 0505 
1 0505 0504 0506 0707 0705 
1 0505 0506 0606 0707 0505 
1 0405 1005 0505 0507 0505 
1 0506 0504 0605 0706 0505 
1 0605 1005 0505 0707 0505 
1 0505 0510 0605 0605 0505 
1 0606 0610 0606 0505 0505 
1 0505 0505 0505 0707 0507 
1 0305 0506 0505 0707 0505 
1 0605 0505 0505 0307 0505 
1 0505 0510 0505 0506 0505 
1 0606 0505 0505 0707 0405 
1 0505 0510 0605 0307 0705 
1 0605 0504 0506 0507 0505 
1 0606 0505 0505 0607 0707 
1 0505 0604 0505 0705 0505 
1 0506 0505 0606 0507 0505 
1 0505 0605 0705 0705 0405 
1 0605 1005 0606 0505 0707 
1 0505 0705 0505 0510 0705 
1 0705 0505 0605 0705 0505 
1 0506 1005 0510 0507 0505 
1 0506 0505 0505 0507 0504 
1 0605 0705 0506 0703 0705 
1 0505 0510 0605 0307 0507 
1 0705 0510 0506 0705 0507 
1 0507 1004 0605 0505 0505 
