1 5 10 2
Loc0
Loc1
Loc2
Loc3
Loc4
1 0505 0606 0407 0505 0505 
1 0707 0510 0607 0505 0504 
1 0606 0506 0509 0505 0507 
1 0605 0510 0605 0505 0505 
1 0705 0710 0507 0505 0504 
1 0506 0405 0507 0505 0507 
1 0507 0505 0905 0705 0405 
1 0705 0505 0705 0505 0504 
1 0506 0505 0510 0505 0505 
1 0605 0505 0507 0505 0704 
1 0607 0606 0706 0505 0504 
1 0505 0505 1006 0505 0405 
1 0505 0405 1005 0505 0507 
1 0605 0505 0505 0505 0704 
1 0605 0510 0510 0505 0404 
1 0606 0405 0505 0505 0505 
1 0505 0505 0505 0505 0704 
1 0505 0505 0706 0505 0505 
1 0505 0510 0705 0505 0507 
1 0506 0505 0607 0507 0505 
1 0506 0510 0610 0505 0504 
1 0506 0506 0510 0505 0405 
1 0705 0505 0705 0505 0404 
1 0606 0405 0509 0505 0505 
1 0905 0507 0505 0505 0705 
1 0506 0505 0504 0505 0707 
1 0507 0505 0606 0705 0707 
1 0706 0610 0407 0505 0705 
1 0506 0710 0507 0505 0405 
1 0505 0505 1004 0505 0510 
1 0506 0405 0707 0505 0707 
1 0605 0505 0705 0505 0705 
1 0605 0605 0405 0505 0405 
1 0605 0507 0605 0505 0405 
1 0505 0707 0705 0505 1004 
1 0506 0507 0707 0505 0505 
1 0505 0605 0507 0505 0505 
1 0505 0505 0507 0505 0505 
1 0505 0705 0707 0505 0505 
1 0605 0405 0707 0505 0504 
1 0905 0505 1005 0505 0705 
1 0605 0605 0907 0505 0405 
1 0505 0510 0505 0505 0505 
1 0506 0510 0605 0505 0404 
1 0506 0505 0605 0507 0507 
1 0607 0604 0907 0505 0505 
1 0506 0705 0505 0505 0405 
1 0505 0505 0505 0505 0505 
1 0506 0405 0607 0505 0505 
1 0605 0505 0907 0505 0405 
1 0605 0705 0505 0505 0505 
1 0505 0505 1005 0505 0504 
1 0506 0705 0506 0505 0405 
1 0506 0605 0907 0705 0505 
1 0605 0405 1005 0505 0404 
1 0705 0505 0506 0505 0405 
1 0507 0605 0505 0505 0504 
1 0605 0506 0705 0505 0505 
1 0607 0410 0407 0705 0405 
1 0606 1005 0704 0505 0504 
1 0506 0504 0505 0705 0705 
1 0605 0507 0505 0505 0707 
1 0505 0510 0605 0505 0705 
1 0506 0505 1005 0505 0805 
1 0605 0506 0705 0505 0507 
1 0605 0505 1005 0507 0505 
1 0605 0510 0505 0505 0504 
1 0506 0510 0710 0507 0505 
1 0506 0505 1005 0505 0505 
1 0605 0605 0505 0505 0505 
1 0505 0704 0705 0505 0505 
1 0505 0705 0505 0505 0504 
1 0505 0505 0506 0505 0505 
1 0606 0405 0905 0505 0505 
1 0506 0505 0607 0505 0507 
1 0705 0505 0510 0505 0505 
1 0606 0507 1005 0505 0505 
1 0507 0504 0507 0505 0404 
1 0606 0505 0510 0505 0505 
1 0606 0607 0505 0505 0507 
1 0605 0505 1007 0505 0505 
1 0905 0505 1007 0505 0707 
1 0606 0505 0507 0505 0505 
1 0607 0410 0506 0505 0707 
1 0506 0405 0505 0505 0505 
1 0505 0707 0605 0505 0505 
1 0505 0507 0505 0505 0404 
1 0505 0505 0505 0505 0505 
1 0706 0505 0505 0505 0505 
1 0706 0405 0506 0505 0507 
1 0505 0505 0607 0505 0504 
1 0605 0507 0505 0505 0507 
1 0505 0505 0405 0505 0405 
1 0605 1005 0907 0505 0504 
1 0506 0510 0505 0505 0405 
1 0506 0505 0506 0505 0505 
1 0505 0505 0509 0505 0507 
1 0506 0505 0705 0505 0505 
1 0506 0707 0505 0505 0505 
1 0605 0605 0505 0505 0405 
