1 5 9 1
Loc0
Loc1
Loc2
Loc3
Loc4
1 76 44 67 76 67 
1 57 65 17 65 56 
1 66 54 66 56 75 
1 75 65 66 55 55 
1 57 45 67 75 65 
1 75 57 41 67 57 
1 77 56 44 56 65 
1 75 55 66 66 55 
1 76 55 76 67 75 
1 56 54 67 75 67 
1 76 65 64 57 66 
1 65 55 67 57 55 
1 76 55 41 67 66 
1 65 55 64 56 67 
1 67 55 14 57 65 
1 77 55 66 55 75 
1 57 56 74 66 75 
1 75 54 67 55 55 
1 57 55 44 65 76 
1 67 54 51 55 76 
1 77 55 61 56 65 
1 75 55 61 55 76 
1 56 64 74 55 79 
1 77 46 67 75 75 
1 77 55 77 76 55 
1 76 64 44 75 55 
1 67 57 47 55 56 
1 66 56 16 75 75 
1 75 54 77 65 65 
1 76 65 14 55 69 
1 65 65 61 55 66 
1 77 64 44 65 56 
1 75 56 64 66 77 
1 75 56 76 56 65 
1 56 65 77 67 76 
1 65 55 74 55 66 
1 66 55 67 67 57 
1 57 66 74 55 67 
1 75 66 64 57 66 
1 77 55 66 57 65 
1 75 55 64 67 55 
1 76 54 44 76 79 
1 67 55 44 76 65 
1 77 66 46 65 55 
1 67 65 44 56 55 
1 65 66 74 67 66 
1 57 56 44 66 77 
1 66 55 44 77 75 
1 76 55 56 56 77 
1 67 55 47 55 76 
1 56 55 44 56 59 
1 55 46 44 75 77 
1 76 55 46 57 55 
1 67 55 64 57 75 
1 56 56 44 56 57 
1 65 65 44 65 96 
1 67 56 74 77 76 
1 57 65 76 55 66 
1 55 55 76 56 76 
1 76 75 46 55 56 
1 77 55 46 65 75 
1 75 55 76 56 57 
1 77 45 46 66 65 
1 55 55 46 77 76 
1 77 55 74 66 55 
1 55 75 47 67 56 
1 76 55 14 75 67 
1 77 55 56 57 55 
1 56 55 14 77 65 
1 65 56 64 56 65 
1 77 56 56 77 76 
1 75 55 76 55 55 
1 76 45 74 76 55 
1 77 55 66 76 56 
1 66 55 64 76 79 
1 75 55 47 75 76 
1 66 76 61 65 75 
1 77 55 44 55 56 
1 56 55 77 56 69 
1 67 56 46 76 55 
1 77 56 74 65 56 
1 65 65 15 57 76 
1 66 44 76 77 57 
1 57 55 74 67 75 
1 66 56 46 65 97 
1 55 55 66 56 55 
1 55 55 64 67 57 
1 75 55 44 67 76 
1 56 64 66 66 56 
1 57 55 77 55 56 
1 66 65 64 57 66 
1 76 65 64 77 65 
1 69 65 76 55 57 
1 65 55 56 66 55 
1 65 55 17 67 77 
1 65 55 47 57 77 
1 77 75 76 57 55 
1 77 55 67 56 57 
1 75 55 44 67 97 
1 56 45 76 55 69 
