1 5 10 2
Loc0
Loc1
Loc2
Loc3
Loc4
1 0507 0705 0607 0705 0607 
1 0707 0705 0907 0505 0606 
1 0505 0505 1006 0505 0606 
1 0503 0507 0706 0705 0507 
1 0705 0605 0705 0705 0606 
1 0507 0505 0707 0505 0705 
1 0507 0505 0707 0705 0607 
1 0507 0607 0606 0505 0606 
1 0607 0505 0707 0505 0505 
1 0707 0506 0709 0507 0505 
1 0505 0507 0707 0505 0605 
1 0705 0506 0505 0707 0705 
1 0505 0506 0706 0505 0506 
1 0707 0605 0505 0505 0607 
1 0707 0706 0706 0505 0606 
1 0510 0506 0607 0506 0606 
1 0705 0707 0907 0705 0507 
1 0505 0506 0706 0505 0605 
1 0307 0506 0707 0507 0705 
1 0505 0605 0907 0505 0607 
1 0707 0507 0606 0505 0607 
1 0705 0705 0906 0505 0706 
1 0707 0707 0807 0505 0606 
1 0705 0706 0907 0505 0506 
1 0607 0707 0101 0505 0707 
1 0705 0606 0705 0505 0607 
1 0707 0606 0606 0505 0507 
1 0707 0606 0705 0505 0707 
1 0707 0706 0707 0505 0606 
1 1006 0705 0506 0707 0606 
1 0503 0606 0506 0705 0607 
1 0705 0606 0607 0505 0707 
1 0505 0707 0507 0505 0505 
1 0605 0707 0701 0507 0607 
1 0707 0507 0507 0707 0506 
1 0707 0707 0906 0705 0507 
1 0305 0605 1009 0607 0507 
1 0505 0506 1007 0505 0707 
1 0505 0606 0606 0505 0505 
1 0707 0505 0607 0505 0507 
1 0707 0506 0709 0505 1005 
1 0705 0507 0905 0707 0707 
1 0707 0707 0710 0505 0606 
1 0707 0607 0706 0505 0606 
1 0507 0707 0707 0705 0605 
1 0703 0706 0707 0505 0705 
1 0705 0505 0607 0705 0706 
1 0505 0606 0707 0505 0606 
1 0705 0507 0506 0707 0507 
1 1005 0705 0707 0705 0607 
1 0707 0606 0606 0507 0606 
1 0507 0607 0606 0707 0506 
1 0707 0605 0707 0505 0706 
1 0507 0606 0709 0507 0506 
1 0707 0506 0607 0507 0606 
1 0710 0605 0706 0705 0606 
1 0705 0506 0607 0505 0707 
1 0705 0705 0907 0505 0707 
1 0703 0507 0906 0506 0507 
1 0505 0606 0907 0705 0706 
1 0703 0605 0707 0505 0506 
1 0507 0605 0607 0505 0605 
1 0705 0705 0607 0507 0606 
1 0707 0606 0907 0505 0507 
1 0503 0607 0606 0506 0607 
1 0506 0705 0107 0506 0706 
1 0707 0607 0607 0507 0705 
1 0706 0607 0705 0705 0607 
1 1007 0706 0505 0705 0606 
1 0707 0707 0907 0705 0506 
1 0507 0506 0606 0707 0606 
1 0707 0507 0707 0505 0707 
1 0506 0505 0606 0705 0706 
1 0507 0507 0607 0505 0607 
1 0705 0607 0706 0705 0505 
1 0707 0707 0605 0705 0706 
1 0705 0506 0505 0507 0505 
1 0506 0606 0601 0506 0606 
1 0703 0606 0607 0505 0506 
1 0705 0705 0909 0505 0607 
1 0707 0605 1007 0505 0507 
1 0707 0606 0707 0505 0705 
1 0705 0506 0607 0505 0605 
1 0707 0507 0707 0505 1006 
1 0306 0605 0707 0506 1007 
1 0707 0707 0707 0505 0607 
1 0707 0707 0707 0505 0607 
1 0506 0507 0607 0505 0505 
1 0505 0707 0606 0507 1007 
1 0507 0606 0907 0505 0605 
1 0707 0607 0707 0505 0607 
1 0707 0507 0606 0505 0607 
1 0506 0707 0809 0707 0507 
1 0705 0506 0609 0506 0706 
1 0507 0706 0107 0505 0707 
1 0507 0606 0609 0707 0707 
1 0707 0706 0607 0705 0507 
1 0707 0605 0606 0605 0706 
1 0605 0705 0506 0505 0606 
1 0707 0606 0707 0505 0606 
